;fit_time;score_time;test_roc_auc;test_precision;test_recall;repeat;fold;features;model
0;6.941769599914551;0.23494887351989746;0.28;0.2857142857142857;0.4;0;0;fmri_eegresting;gssvm
1;6.910887718200684;0.2350597381591797;0.7916666666666667;0.0;0.0;0;1;fmri_eegresting;gssvm
2;6.879828929901123;0.232940673828125;0.75;0.6666666666666666;0.5;0;2;fmri_eegresting;gssvm
3;6.935205459594727;0.24598312377929688;0.3;0.5;0.25;0;3;fmri_eegresting;gssvm
4;7.0262675285339355;0.23270201683044434;0.9;0.0;0.0;0;4;fmri_eegresting;gssvm
5;6.943561315536499;0.23385405540466309;0.76;0.0;0.0;1;0;fmri_eegresting;gssvm
6;6.926860094070435;0.23646020889282227;0.29166666666666663;0.0;0.0;1;1;fmri_eegresting;gssvm
7;7.012160301208496;0.23279738426208496;0.6666666666666667;0.5;0.75;1;2;fmri_eegresting;gssvm
8;6.927983999252319;0.2337489128112793;1.0;0.0;0.0;1;3;fmri_eegresting;gssvm
9;6.876913547515869;0.2328634262084961;0.19999999999999998;0.25;0.25;1;4;fmri_eegresting;gssvm
10;6.914256572723389;0.23305010795593262;0.44;0.6666666666666666;0.4;2;0;fmri_eegresting;gssvm
11;6.87253475189209;0.2332918643951416;0.8333333333333334;0.0;0.0;2;1;fmri_eegresting;gssvm
12;6.880882501602173;0.23323917388916016;0.4583333333333333;0.4;0.5;2;2;fmri_eegresting;gssvm
13;6.893394231796265;0.23331665992736816;0.75;0.0;0.0;2;3;fmri_eegresting;gssvm
14;6.893042087554932;0.23399949073791504;0.45000000000000007;0.3333333333333333;0.25;2;4;fmri_eegresting;gssvm
15;6.887266635894775;0.23343825340270996;0.48;0.3333333333333333;0.2;3;0;fmri_eegresting;gssvm
16;6.892670631408691;0.23337054252624512;0.5416666666666666;0.0;0.0;3;1;fmri_eegresting;gssvm
17;6.899221181869507;0.23458361625671387;0.8333333333333334;1.0;0.25;3;2;fmri_eegresting;gssvm
18;6.8999879360198975;0.23500990867614746;0.65;0.6666666666666666;0.5;3;3;fmri_eegresting;gssvm
19;6.910450220108032;0.23407554626464844;0.7;0.0;0.0;3;4;fmri_eegresting;gssvm
20;6.909028768539429;0.23346281051635742;0.8;0.6666666666666666;0.4;4;0;fmri_eegresting;gssvm
21;6.892867803573608;0.2350459098815918;0.5;0.3333333333333333;0.25;4;1;fmri_eegresting;gssvm
22;6.90365195274353;0.23405766487121582;0.625;0.0;0.0;4;2;fmri_eegresting;gssvm
23;6.903558731079102;0.2334270477294922;0.7000000000000001;0.0;0.0;4;3;fmri_eegresting;gssvm
24;6.903620481491089;0.2343769073486328;0.4;0.5;0.5;4;4;fmri_eegresting;gssvm
25;6.9063804149627686;0.23370599746704102;0.8400000000000001;0.6666666666666666;0.4;5;0;fmri_eegresting;gssvm
26;6.895827054977417;0.23380637168884277;0.29166666666666663;0.0;0.0;5;1;fmri_eegresting;gssvm
27;6.882935047149658;0.23234057426452637;0.7083333333333333;0.0;0.0;5;2;fmri_eegresting;gssvm
28;6.883138179779053;0.23197603225708008;0.55;0.0;0.0;5;3;fmri_eegresting;gssvm
29;6.876510381698608;0.23407506942749023;0.9;0.0;0.0;5;4;fmri_eegresting;gssvm
30;6.9127585887908936;0.23537111282348633;0.5599999999999999;0.5;0.4;6;0;fmri_eegresting;gssvm
31;6.930556297302246;0.23224616050720215;0.625;0.5;0.5;6;1;fmri_eegresting;gssvm
32;6.88107967376709;0.23274588584899902;0.8333333333333333;0.0;0.0;6;2;fmri_eegresting;gssvm
33;6.899648427963257;0.2322225570678711;0.6;0.3333333333333333;0.25;6;3;fmri_eegresting;gssvm
34;6.966996669769287;0.23215746879577637;0.49999999999999994;0.3333333333333333;0.25;6;4;fmri_eegresting;gssvm
35;6.897687673568726;0.233046293258667;0.64;0.6;0.6;7;0;fmri_eegresting;gssvm
36;6.92615270614624;0.2326974868774414;0.8333333333333334;0.0;0.0;7;1;fmri_eegresting;gssvm
37;6.937683820724487;0.23687386512756348;0.5416666666666667;0.0;0.0;7;2;fmri_eegresting;gssvm
38;6.901457786560059;0.2333064079284668;0.6000000000000001;0.5;0.25;7;3;fmri_eegresting;gssvm
39;6.883784294128418;0.2334277629852295;0.39999999999999997;0.4;0.5;7;4;fmri_eegresting;gssvm
40;6.890175104141235;0.23434901237487793;0.15999999999999998;0.3333333333333333;0.4;8;0;fmri_eegresting;gssvm
41;6.8258631229400635;0.2257983684539795;0.41666666666666663;0.5;0.25;8;1;fmri_eegresting;gssvm
42;6.541447639465332;0.2189927101135254;0.9166666666666667;0.0;0.0;8;2;fmri_eegresting;gssvm
43;6.438178777694702;0.21506762504577637;0.5;0.0;0.0;8;3;fmri_eegresting;gssvm
44;6.15935206413269;0.2015080451965332;0.7;0.0;0.0;8;4;fmri_eegresting;gssvm
45;5.988466024398804;0.2034742832183838;0.6399999999999999;0.75;0.6;9;0;fmri_eegresting;gssvm
46;5.998686790466309;0.20286893844604492;0.875;0.0;0.0;9;1;fmri_eegresting;gssvm
47;6.000794172286987;0.20053505897521973;0.7083333333333334;0.5;0.25;9;2;fmri_eegresting;gssvm
48;5.9984495639801025;0.20389175415039062;0.6;0.5;0.25;9;3;fmri_eegresting;gssvm
49;6.0013957023620605;0.2024836540222168;0.5;0.0;0.0;9;4;fmri_eegresting;gssvm
50;5.991818189620972;0.20317459106445312;0.24;0.4;0.4;10;0;fmri_eegresting;gssvm
51;6.000432014465332;0.20442771911621094;0.5833333333333333;0.5;0.5;10;1;fmri_eegresting;gssvm
52;5.997690200805664;0.20313239097595215;0.9166666666666667;1.0;0.5;10;2;fmri_eegresting;gssvm
53;6.003300666809082;0.20298242568969727;0.6;0.0;0.0;10;3;fmri_eegresting;gssvm
54;5.999210834503174;0.20115947723388672;0.8;0.0;0.0;10;4;fmri_eegresting;gssvm
55;6.002599239349365;0.2028799057006836;0.7200000000000001;0.0;0.0;11;0;fmri_eegresting;gssvm
56;6.003987550735474;0.20319485664367676;0.3333333333333333;0.25;0.25;11;1;fmri_eegresting;gssvm
57;6.003323793411255;0.20375704765319824;0.7916666666666667;0.0;0.0;11;2;fmri_eegresting;gssvm
58;6.0023088455200195;0.20296812057495117;0.5;0.5;0.5;11;3;fmri_eegresting;gssvm
59;6.00178861618042;0.2031383514404297;0.75;0.5;0.25;11;4;fmri_eegresting;gssvm
60;6.003084421157837;0.20290923118591309;0.48;0.6;0.6;12;0;fmri_eegresting;gssvm
61;6.003503084182739;0.20357394218444824;0.75;0.0;0.0;12;1;fmri_eegresting;gssvm
62;5.999434947967529;0.2036452293395996;0.625;0.25;0.25;12;2;fmri_eegresting;gssvm
63;6.004406213760376;0.20361042022705078;0.5;0.0;0.0;12;3;fmri_eegresting;gssvm
64;6.013937950134277;0.2032487392425537;0.49999999999999994;0.5;0.25;12;4;fmri_eegresting;gssvm
65;6.008146286010742;0.20286989212036133;0.68;0.6666666666666666;0.4;13;0;fmri_eegresting;gssvm
66;6.005352735519409;0.20354461669921875;0.6666666666666667;1.0;0.5;13;1;fmri_eegresting;gssvm
67;6.0035154819488525;0.20285558700561523;0.75;0.5;0.5;13;2;fmri_eegresting;gssvm
68;5.711866855621338;0.1920604705810547;0.5;0.3333333333333333;0.25;13;3;fmri_eegresting;gssvm
69;5.644822835922241;0.18851327896118164;0.55;0.6666666666666666;0.5;13;4;fmri_eegresting;gssvm
70;5.586041212081909;0.18898558616638184;0.68;0.0;0.0;14;0;fmri_eegresting;gssvm
71;5.570852994918823;0.1878204345703125;0.75;0.0;0.0;14;1;fmri_eegresting;gssvm
72;5.554846525192261;0.18811559677124023;0.5833333333333334;0.4;0.5;14;2;fmri_eegresting;gssvm
73;5.575847625732422;0.1900942325592041;0.39999999999999997;0.0;0.0;14;3;fmri_eegresting;gssvm
74;5.629329442977905;0.19158530235290527;0.85;0.0;0.0;14;4;fmri_eegresting;gssvm
75;5.645444393157959;0.19219636917114258;0.48;0.0;0.0;15;0;fmri_eegresting;gssvm
76;5.626839876174927;0.18964266777038574;0.75;0.0;0.0;15;1;fmri_eegresting;gssvm
77;5.618484735488892;0.18942022323608398;0.7500000000000001;0.0;0.0;15;2;fmri_eegresting;gssvm
78;5.603771686553955;0.18862485885620117;0.9500000000000001;0.0;0.0;15;3;fmri_eegresting;gssvm
79;5.59201979637146;0.18898725509643555;0.5;0.0;0.0;15;4;fmri_eegresting;gssvm
80;5.583118438720703;0.188917875289917;0.5599999999999999;0.6;0.6;16;0;fmri_eegresting;gssvm
81;5.583223342895508;0.1889355182647705;0.5833333333333334;0.5;0.75;16;1;fmri_eegresting;gssvm
82;5.591721773147583;0.18957185745239258;0.5416666666666666;0.0;0.0;16;2;fmri_eegresting;gssvm
83;5.602763414382935;0.18973708152770996;0.39999999999999997;0.0;0.0;16;3;fmri_eegresting;gssvm
84;5.597056150436401;0.1893634796142578;0.75;0.0;0.0;16;4;fmri_eegresting;gssvm
85;5.59694766998291;0.1903541088104248;0.52;0.5;0.2;17;0;fmri_eegresting;gssvm
86;5.609507322311401;0.19026875495910645;0.41666666666666663;0.3333333333333333;0.5;17;1;fmri_eegresting;gssvm
87;5.6327643394470215;0.1891956329345703;0.7916666666666666;0.6666666666666666;0.5;17;2;fmri_eegresting;gssvm
88;5.5950026512146;0.18797612190246582;0.65;0.0;0.0;17;3;fmri_eegresting;gssvm
89;5.5434606075286865;0.18692541122436523;0.9500000000000001;0.0;0.0;17;4;fmri_eegresting;gssvm
90;5.52142071723938;0.1870708465576172;0.68;0.0;0.0;18;0;fmri_eegresting;gssvm
91;5.525087833404541;0.18699884414672852;0.8333333333333334;0.75;0.75;18;1;fmri_eegresting;gssvm
92;5.517918109893799;0.186722993850708;0.625;0.0;0.0;18;2;fmri_eegresting;gssvm
93;5.525424957275391;0.18716859817504883;0.6;0.5;0.25;18;3;fmri_eegresting;gssvm
94;5.527711868286133;0.18681859970092773;0.44999999999999996;0.5;0.25;18;4;fmri_eegresting;gssvm
95;5.519352674484253;0.18647265434265137;0.43999999999999995;0.5;0.6;19;0;fmri_eegresting;gssvm
96;5.524916648864746;0.18686580657958984;0.41666666666666663;0.0;0.0;19;1;fmri_eegresting;gssvm
97;5.526031494140625;0.18706941604614258;0.75;0.0;0.0;19;2;fmri_eegresting;gssvm
98;5.524697303771973;0.18654632568359375;0.8;0.6;0.75;19;3;fmri_eegresting;gssvm
99;5.525565147399902;0.18666481971740723;1.0;1.0;0.75;19;4;fmri_eegresting;gssvm
100;5.520748138427734;0.1869211196899414;0.8;1.0;0.4;20;0;fmri_eegresting;gssvm
101;5.522318363189697;0.18658161163330078;0.5416666666666667;0.5;0.25;20;1;fmri_eegresting;gssvm
102;5.517643928527832;0.18678951263427734;0.625;0.0;0.0;20;2;fmri_eegresting;gssvm
103;5.518064975738525;0.18654704093933105;0.6;0.5;0.5;20;3;fmri_eegresting;gssvm
104;5.521117210388184;0.18695521354675293;0.5499999999999999;0.5;0.5;20;4;fmri_eegresting;gssvm
105;5.518793344497681;0.186568021774292;0.4800000000000001;1.0;0.2;21;0;fmri_eegresting;gssvm
106;5.520533323287964;0.18696379661560059;0.6666666666666666;0.0;0.0;21;1;fmri_eegresting;gssvm
107;5.521756172180176;0.18698787689208984;0.5;0.42857142857142855;0.75;21;2;fmri_eegresting;gssvm
108;5.521098375320435;0.1866755485534668;0.45000000000000007;0.3333333333333333;0.25;21;3;fmri_eegresting;gssvm
109;5.5193870067596436;0.1868736743927002;0.5499999999999999;0.5;0.5;21;4;fmri_eegresting;gssvm
110;5.509575843811035;0.18604516983032227;0.32;0.5;0.6;22;0;fmri_eegresting;gssvm
111;5.49862265586853;0.18636775016784668;0.6666666666666666;0.0;0.0;22;1;fmri_eegresting;gssvm
112;5.50232195854187;0.1862015724182129;0.375;0.0;0.0;22;2;fmri_eegresting;gssvm
113;5.5176520347595215;0.18636727333068848;0.8;0.0;0.0;22;3;fmri_eegresting;gssvm
114;5.5200135707855225;0.18680524826049805;0.9;0.6666666666666666;1.0;22;4;fmri_eegresting;gssvm
115;5.520385503768921;0.1870436668395996;0.52;0.5;0.8;23;0;fmri_eegresting;gssvm
116;5.516229152679443;0.18688154220581055;0.5833333333333334;0.0;0.0;23;1;fmri_eegresting;gssvm
117;5.523478269577026;0.18698596954345703;0.4583333333333333;0.3333333333333333;0.5;23;2;fmri_eegresting;gssvm
118;5.522719144821167;0.18700051307678223;0.7;0.0;0.0;23;3;fmri_eegresting;gssvm
119;5.5220136642456055;0.18695807456970215;0.8;0.0;0.0;23;4;fmri_eegresting;gssvm
120;5.528852701187134;0.18700432777404785;0.7200000000000001;0.0;0.0;24;0;fmri_eegresting;gssvm
121;5.517759799957275;0.18644452095031738;0.25;0.0;0.0;24;1;fmri_eegresting;gssvm
122;5.521724462509155;0.18692874908447266;0.6666666666666667;0.0;0.0;24;2;fmri_eegresting;gssvm
123;5.522940635681152;0.18688154220581055;0.65;0.0;0.0;24;3;fmri_eegresting;gssvm
124;5.519862174987793;0.18699860572814941;0.5;0.3333333333333333;0.25;24;4;fmri_eegresting;gssvm
125;5.520042419433594;0.18651676177978516;0.4800000000000001;0.4;0.4;25;0;fmri_eegresting;gssvm
126;5.518527984619141;0.18684625625610352;0.375;0.3333333333333333;0.5;25;1;fmri_eegresting;gssvm
127;5.523519277572632;0.1874246597290039;0.375;0.25;0.25;25;2;fmri_eegresting;gssvm
128;5.522228717803955;0.18650341033935547;0.65;0.6666666666666666;0.5;25;3;fmri_eegresting;gssvm
129;5.522442579269409;0.18671011924743652;0.9;0.0;0.0;25;4;fmri_eegresting;gssvm
130;5.527429580688477;0.1880655288696289;0.8;0.75;0.6;26;0;fmri_eegresting;gssvm
131;5.521462678909302;0.18654918670654297;0.7083333333333333;0.0;0.0;26;1;fmri_eegresting;gssvm
132;5.520627975463867;0.18648815155029297;0.6666666666666667;0.0;0.0;26;2;fmri_eegresting;gssvm
133;5.5230913162231445;0.1867237091064453;0.44999999999999996;0.5;0.5;26;3;fmri_eegresting;gssvm
134;5.51598858833313;0.1866893768310547;0.5;0.3333333333333333;0.25;26;4;fmri_eegresting;gssvm
135;5.520622968673706;0.186997652053833;0.56;1.0;0.4;27;0;fmri_eegresting;gssvm
136;5.521538734436035;0.1867690086364746;0.7916666666666667;0.5;0.25;27;1;fmri_eegresting;gssvm
137;5.517011404037476;0.18692278861999512;0.5;0.5;0.75;27;2;fmri_eegresting;gssvm
138;5.521771430969238;0.18642663955688477;0.6;0.0;0.0;27;3;fmri_eegresting;gssvm
139;5.517426013946533;0.18647146224975586;0.85;0.0;0.0;27;4;fmri_eegresting;gssvm
140;5.5174009799957275;0.18667054176330566;0.6;0.75;0.6;28;0;fmri_eegresting;gssvm
141;5.543548345565796;0.1873166561126709;0.5416666666666667;0.4;0.5;28;1;fmri_eegresting;gssvm
142;5.5359861850738525;0.18735980987548828;0.4583333333333333;0.3333333333333333;0.5;28;2;fmri_eegresting;gssvm
143;5.53563928604126;0.18745040893554688;0.75;0.6666666666666666;0.5;28;3;fmri_eegresting;gssvm
144;5.537528991699219;0.1874380111694336;0.85;0.0;0.0;28;4;fmri_eegresting;gssvm
145;5.53764796257019;0.1875932216644287;0.8;0.0;0.0;29;0;fmri_eegresting;gssvm
146;5.535059213638306;0.18754339218139648;0.5833333333333334;0.42857142857142855;0.75;29;1;fmri_eegresting;gssvm
147;5.534813642501831;0.18723058700561523;0.7916666666666666;0.0;0.0;29;2;fmri_eegresting;gssvm
148;5.533609390258789;0.18816804885864258;0.44999999999999996;0.25;0.25;29;3;fmri_eegresting;gssvm
149;5.542173862457275;0.1875307559967041;0.45;0.6666666666666666;0.5;29;4;fmri_eegresting;gssvm
150;5.5406482219696045;0.18748044967651367;0.88;0.0;0.0;30;0;fmri_eegresting;gssvm
151;5.547403335571289;0.18787717819213867;0.5833333333333334;0.4;0.5;30;1;fmri_eegresting;gssvm
152;5.535772800445557;0.18713951110839844;0.7500000000000001;0.5714285714285714;1.0;30;2;fmri_eegresting;gssvm
153;5.533616304397583;0.1869640350341797;0.45000000000000007;0.4;0.5;30;3;fmri_eegresting;gssvm
154;5.543887615203857;0.18722796440124512;0.75;0.0;0.0;30;4;fmri_eegresting;gssvm
155;5.533923864364624;0.1870136260986328;0.8;0.6666666666666666;0.8;31;0;fmri_eegresting;gssvm
156;5.5369346141815186;0.18755626678466797;0.3333333333333333;0.0;0.0;31;1;fmri_eegresting;gssvm
157;5.548388242721558;0.19007158279418945;0.75;0.6;0.75;31;2;fmri_eegresting;gssvm
158;5.542072772979736;0.187455415725708;0.35000000000000003;0.25;0.25;31;3;fmri_eegresting;gssvm
159;5.544581890106201;0.18739986419677734;0.65;0.0;0.0;31;4;fmri_eegresting;gssvm
160;5.540127277374268;0.1869676113128662;0.76;0.6666666666666666;0.4;32;0;fmri_eegresting;gssvm
161;5.540762901306152;0.18756747245788574;0.7083333333333334;0.3333333333333333;0.25;32;1;fmri_eegresting;gssvm
162;5.544792652130127;0.18744921684265137;0.625;0.3333333333333333;0.5;32;2;fmri_eegresting;gssvm
163;5.532968997955322;0.18708562850952148;0.35;0.0;0.0;32;3;fmri_eegresting;gssvm
164;5.541978120803833;0.18738389015197754;0.6;0.5;0.5;32;4;fmri_eegresting;gssvm
165;5.543620586395264;0.18759417533874512;0.6;0.0;0.0;33;0;fmri_eegresting;gssvm
166;5.535611867904663;0.18760204315185547;0.7916666666666667;0.75;0.75;33;1;fmri_eegresting;gssvm
167;5.5444934368133545;0.1870129108428955;0.41666666666666663;0.0;0.0;33;2;fmri_eegresting;gssvm
168;5.52833890914917;0.18707728385925293;0.39999999999999997;0.4;0.5;33;3;fmri_eegresting;gssvm
169;5.529323101043701;0.18767881393432617;0.65;0.3333333333333333;0.25;33;4;fmri_eegresting;gssvm
170;5.533124685287476;0.18650126457214355;0.6;0.0;0.0;34;0;fmri_eegresting;gssvm
171;5.527390718460083;0.18685603141784668;0.8333333333333333;0.5;0.75;34;1;fmri_eegresting;gssvm
172;5.526726722717285;0.18723750114440918;0.75;0.0;0.0;34;2;fmri_eegresting;gssvm
173;5.5231993198394775;0.186661958694458;0.35000000000000003;0.25;0.25;34;3;fmri_eegresting;gssvm
174;5.523542165756226;0.18710589408874512;0.6;0.3333333333333333;0.5;34;4;fmri_eegresting;gssvm
175;5.527117013931274;0.18701648712158203;0.68;0.5;0.4;35;0;fmri_eegresting;gssvm
176;5.522243499755859;0.18724989891052246;0.625;0.5;0.75;35;1;fmri_eegresting;gssvm
177;5.52380633354187;0.18730616569519043;0.41666666666666663;0.3333333333333333;0.25;35;2;fmri_eegresting;gssvm
178;5.526506185531616;0.18706035614013672;0.45000000000000007;0.4;0.5;35;3;fmri_eegresting;gssvm
179;5.52795147895813;0.1868579387664795;0.8;0.0;0.0;35;4;fmri_eegresting;gssvm
180;5.5287816524505615;0.1869354248046875;0.76;0.0;0.0;36;0;fmri_eegresting;gssvm
181;5.534377098083496;0.18691396713256836;0.7916666666666667;0.0;0.0;36;1;fmri_eegresting;gssvm
182;5.531517267227173;0.18686437606811523;0.625;0.5;0.5;36;2;fmri_eegresting;gssvm
183;5.542532682418823;0.18680834770202637;0.5;0.3333333333333333;0.25;36;3;fmri_eegresting;gssvm
184;5.532777786254883;0.18683171272277832;0.55;0.5;0.5;36;4;fmri_eegresting;gssvm
185;5.531217813491821;0.1871957778930664;0.64;0.5;0.4;37;0;fmri_eegresting;gssvm
186;5.530303001403809;0.1887969970703125;0.3333333333333333;0.4;0.5;37;1;fmri_eegresting;gssvm
187;5.538172483444214;0.18696331977844238;0.4166666666666667;0.4;0.5;37;2;fmri_eegresting;gssvm
188;5.538612127304077;0.18741631507873535;0.8;0.0;0.0;37;3;fmri_eegresting;gssvm
189;5.535193920135498;0.1875593662261963;0.6;0.5;0.25;37;4;fmri_eegresting;gssvm
190;5.533150672912598;0.18761682510375977;0.4;0.5;0.2;38;0;fmri_eegresting;gssvm
191;5.535670518875122;0.18703341484069824;0.625;0.4;0.5;38;1;fmri_eegresting;gssvm
192;5.53011155128479;0.1867678165435791;0.625;0.6;0.75;38;2;fmri_eegresting;gssvm
193;5.5398759841918945;0.18704605102539062;0.75;0.0;0.0;38;3;fmri_eegresting;gssvm
194;5.53870701789856;0.18713736534118652;0.65;0.0;0.0;38;4;fmri_eegresting;gssvm
195;5.526932239532471;0.18703508377075195;0.64;0.6;0.6;39;0;fmri_eegresting;gssvm
196;5.544885158538818;0.1877758502960205;0.5833333333333334;0.6666666666666666;0.5;39;1;fmri_eegresting;gssvm
197;5.530205011367798;0.18697834014892578;0.5416666666666666;0.4;0.5;39;2;fmri_eegresting;gssvm
198;5.531855583190918;0.1869204044342041;0.75;0.5;0.25;39;3;fmri_eegresting;gssvm
199;5.528512954711914;0.18726277351379395;0.55;0.5;0.5;39;4;fmri_eegresting;gssvm
200;5.527495861053467;0.18677377700805664;0.68;0.0;0.0;40;0;fmri_eegresting;gssvm
201;5.530914783477783;0.18687796592712402;0.75;0.0;0.0;40;1;fmri_eegresting;gssvm
202;5.525545358657837;0.18692350387573242;0.5416666666666666;0.3333333333333333;0.25;40;2;fmri_eegresting;gssvm
203;5.533207178115845;0.1872859001159668;1.0;1.0;0.5;40;3;fmri_eegresting;gssvm
204;5.532028913497925;0.1872117519378662;0.8500000000000001;0.5;0.25;40;4;fmri_eegresting;gssvm
205;5.529561281204224;0.18700885772705078;0.11999999999999997;0.0;0.0;41;0;fmri_eegresting;gssvm
206;5.525665283203125;0.18872356414794922;0.7083333333333334;0.0;0.0;41;1;fmri_eegresting;gssvm
207;5.525957345962524;0.1872553825378418;0.875;0.5;0.25;41;2;fmri_eegresting;gssvm
208;5.527920961380005;0.18678855895996094;0.8;0.0;0.0;41;3;fmri_eegresting;gssvm
209;5.535153865814209;0.18711113929748535;0.55;0.25;0.25;41;4;fmri_eegresting;gssvm
210;5.528005599975586;0.18696331977844238;0.52;0.5;0.4;42;0;fmri_eegresting;gssvm
211;5.525199890136719;0.18697571754455566;0.75;0.0;0.0;42;1;fmri_eegresting;gssvm
212;5.5292699337005615;0.18708062171936035;0.5416666666666667;0.4;0.5;42;2;fmri_eegresting;gssvm
213;5.520979404449463;0.18702960014343262;0.85;0.0;0.0;42;3;fmri_eegresting;gssvm
214;5.533695459365845;0.1868574619293213;0.5;0.3333333333333333;0.25;42;4;fmri_eegresting;gssvm
215;5.527571678161621;0.1871194839477539;0.6799999999999999;0.5;0.2;43;0;fmri_eegresting;gssvm
216;5.5211005210876465;0.18678569793701172;0.2916666666666667;0.4;0.5;43;1;fmri_eegresting;gssvm
217;5.529432058334351;0.18713665008544922;0.49999999999999994;0.5;0.25;43;2;fmri_eegresting;gssvm
218;5.528629541397095;0.18715476989746094;0.5;0.5;0.5;43;3;fmri_eegresting;gssvm
219;5.533461093902588;0.18716669082641602;0.85;0.0;0.0;43;4;fmri_eegresting;gssvm
220;5.5274481773376465;0.1869640350341797;0.44;0.5;0.4;44;0;fmri_eegresting;gssvm
221;5.528874158859253;0.18676137924194336;0.8333333333333334;0.0;0.0;44;1;fmri_eegresting;gssvm
222;5.530581712722778;0.18695616722106934;0.7916666666666667;0.0;0.0;44;2;fmri_eegresting;gssvm
223;5.530426979064941;0.18679356575012207;0.8500000000000001;0.5;0.25;44;3;fmri_eegresting;gssvm
224;5.530389785766602;0.18760180473327637;0.6000000000000001;0.4;0.5;44;4;fmri_eegresting;gssvm
225;5.5342772006988525;0.18715763092041016;0.6799999999999999;0.0;0.0;45;0;fmri_eegresting;gssvm
226;5.526766061782837;0.1871321201324463;0.33333333333333337;0.3333333333333333;0.25;45;1;fmri_eegresting;gssvm
227;5.5353333950042725;0.18770265579223633;0.875;0.0;0.0;45;2;fmri_eegresting;gssvm
228;5.540412902832031;0.1870250701904297;0.5;1.0;0.25;45;3;fmri_eegresting;gssvm
229;5.537998199462891;0.18744802474975586;0.8500000000000001;0.5714285714285714;1.0;45;4;fmri_eegresting;gssvm
230;5.541959762573242;0.1877145767211914;0.24;0.0;0.0;46;0;fmri_eegresting;gssvm
231;5.532009840011597;0.18717002868652344;0.75;0.5;0.75;46;1;fmri_eegresting;gssvm
232;5.536752223968506;0.1874251365661621;0.8333333333333334;0.0;0.0;46;2;fmri_eegresting;gssvm
233;5.538441181182861;0.18708467483520508;0.6;0.6;0.75;46;3;fmri_eegresting;gssvm
234;5.534988880157471;0.18738198280334473;0.19999999999999998;0.3333333333333333;0.25;46;4;fmri_eegresting;gssvm
235;5.541160583496094;0.18770098686218262;0.4000000000000001;0.3333333333333333;0.2;47;0;fmri_eegresting;gssvm
236;5.536260604858398;0.18730998039245605;0.7083333333333334;0.5;0.5;47;1;fmri_eegresting;gssvm
237;5.533865928649902;0.1873469352722168;0.875;0.0;0.0;47;2;fmri_eegresting;gssvm
238;5.542175054550171;0.18741726875305176;0.65;0.5;0.25;47;3;fmri_eegresting;gssvm
239;5.536560773849487;0.1873476505279541;0.5;0.0;0.0;47;4;fmri_eegresting;gssvm
240;5.538724184036255;0.18740224838256836;0.36;0.4;0.4;48;0;fmri_eegresting;gssvm
241;5.532825231552124;0.18726658821105957;0.45833333333333337;0.0;0.0;48;1;fmri_eegresting;gssvm
242;5.534791469573975;0.18720293045043945;0.9166666666666667;0.6666666666666666;1.0;48;2;fmri_eegresting;gssvm
243;5.543498992919922;0.18695569038391113;1.0;0.0;0.0;48;3;fmri_eegresting;gssvm
244;5.530492305755615;0.1871049404144287;0.55;0.3333333333333333;0.25;48;4;fmri_eegresting;gssvm
245;5.526281118392944;0.18761205673217773;0.76;0.0;0.0;49;0;fmri_eegresting;gssvm
246;5.533780813217163;0.18732452392578125;0.625;0.0;0.0;49;1;fmri_eegresting;gssvm
247;5.533685207366943;0.18689656257629395;0.5833333333333334;0.5;0.5;49;2;fmri_eegresting;gssvm
248;5.537604808807373;0.1869511604309082;0.6499999999999999;0.0;0.0;49;3;fmri_eegresting;gssvm
249;5.518687009811401;0.18659186363220215;0.6;0.0;0.0;49;4;fmri_eegresting;gssvm
250;5.522706031799316;0.18729472160339355;0.6;0.5;0.4;50;0;fmri_eegresting;gssvm
251;5.527479648590088;0.18698668479919434;0.16666666666666666;0.0;0.0;50;1;fmri_eegresting;gssvm
252;5.5189197063446045;0.18671536445617676;0.75;0.5;0.25;50;2;fmri_eegresting;gssvm
253;5.522846460342407;0.18671488761901855;0.65;0.0;0.0;50;3;fmri_eegresting;gssvm
254;5.524060010910034;0.18778252601623535;0.8;0.0;0.0;50;4;fmri_eegresting;gssvm
255;5.519378185272217;0.18668818473815918;0.52;0.0;0.0;51;0;fmri_eegresting;gssvm
256;5.526124477386475;0.18662428855895996;0.9583333333333334;0.0;0.0;51;1;fmri_eegresting;gssvm
257;5.525533199310303;0.1872251033782959;0.4166666666666667;0.42857142857142855;0.75;51;2;fmri_eegresting;gssvm
258;5.5230019092559814;0.18637394905090332;0.24999999999999997;0.0;0.0;51;3;fmri_eegresting;gssvm
259;5.530009508132935;0.18703818321228027;0.35000000000000003;0.0;0.0;51;4;fmri_eegresting;gssvm
260;5.5239574909210205;0.18687081336975098;0.27999999999999997;0.25;0.2;52;0;fmri_eegresting;gssvm
261;5.5235466957092285;0.18670177459716797;0.45833333333333337;0.4;0.5;52;1;fmri_eegresting;gssvm
262;5.518948554992676;0.18662595748901367;0.375;0.0;0.0;52;2;fmri_eegresting;gssvm
263;5.520857334136963;0.18675446510314941;0.65;0.0;0.0;52;3;fmri_eegresting;gssvm
264;5.527483940124512;0.18687868118286133;1.0;0.0;0.0;52;4;fmri_eegresting;gssvm
265;5.520932674407959;0.1868133544921875;0.68;0.0;0.0;53;0;fmri_eegresting;gssvm
266;5.521936416625977;0.18807268142700195;0.75;0.0;0.0;53;1;fmri_eegresting;gssvm
267;5.531652450561523;0.18684148788452148;0.5416666666666666;0.0;0.0;53;2;fmri_eegresting;gssvm
268;5.519678115844727;0.18645453453063965;0.5;0.0;0.0;53;3;fmri_eegresting;gssvm
269;5.52996563911438;0.1876075267791748;0.35;0.42857142857142855;0.75;53;4;fmri_eegresting;gssvm
270;5.524883508682251;0.18701481819152832;0.4;0.5;0.2;54;0;fmri_eegresting;gssvm
271;5.52068567276001;0.18686246871948242;0.7916666666666667;0.0;0.0;54;1;fmri_eegresting;gssvm
272;5.527275800704956;0.1873917579650879;0.24999999999999997;0.2;0.25;54;2;fmri_eegresting;gssvm
273;5.5220348834991455;0.18682312965393066;0.7;0.6666666666666666;0.5;54;3;fmri_eegresting;gssvm
274;5.525694131851196;0.18717646598815918;0.75;0.0;0.0;54;4;fmri_eegresting;gssvm
275;5.522523880004883;0.18704748153686523;0.6399999999999999;1.0;0.2;55;0;fmri_eegresting;gssvm
276;5.521924018859863;0.18713712692260742;0.45833333333333337;1.0;0.25;55;1;fmri_eegresting;gssvm
277;5.525862455368042;0.1869676113128662;0.375;0.42857142857142855;0.75;55;2;fmri_eegresting;gssvm
278;5.521259784698486;0.18633341789245605;0.75;0.6;0.75;55;3;fmri_eegresting;gssvm
279;5.525556325912476;0.18671512603759766;0.85;0.0;0.0;55;4;fmri_eegresting;gssvm
280;5.526845693588257;0.18676471710205078;0.44;0.5;0.4;56;0;fmri_eegresting;gssvm
281;5.523632049560547;0.18729186058044434;0.5;0.5;0.5;56;1;fmri_eegresting;gssvm
282;5.53362512588501;0.18691086769104004;0.8333333333333334;0.0;0.0;56;2;fmri_eegresting;gssvm
283;5.526074409484863;0.1865983009338379;0.65;0.3333333333333333;0.25;56;3;fmri_eegresting;gssvm
284;5.526500940322876;0.18700718879699707;0.65;0.5;0.5;56;4;fmri_eegresting;gssvm
285;5.532476186752319;0.18713808059692383;0.44000000000000006;0.5;0.4;57;0;fmri_eegresting;gssvm
286;5.536778926849365;0.1869823932647705;0.2916666666666667;0.4;0.5;57;1;fmri_eegresting;gssvm
287;5.5654966831207275;0.18822908401489258;0.7916666666666667;0.0;0.0;57;2;fmri_eegresting;gssvm
288;5.538568019866943;0.18691468238830566;0.5499999999999999;0.42857142857142855;0.75;57;3;fmri_eegresting;gssvm
289;5.528050899505615;0.1867966651916504;0.85;0.0;0.0;57;4;fmri_eegresting;gssvm
290;5.535962104797363;0.18712925910949707;0.84;0.0;0.0;58;0;fmri_eegresting;gssvm
291;5.523045063018799;0.18700122833251953;0.33333333333333337;0.0;0.0;58;1;fmri_eegresting;gssvm
292;5.5235888957977295;0.18691229820251465;0.625;0.0;0.0;58;2;fmri_eegresting;gssvm
293;5.529029369354248;0.18718791007995605;0.4;0.4;0.5;58;3;fmri_eegresting;gssvm
294;5.5250632762908936;0.18694567680358887;0.55;0.0;0.0;58;4;fmri_eegresting;gssvm
295;5.526476860046387;0.18680286407470703;0.52;0.5;0.2;59;0;fmri_eegresting;gssvm
296;5.523715496063232;0.18694400787353516;0.625;0.5;0.75;59;1;fmri_eegresting;gssvm
297;5.530164003372192;0.18705964088439941;1.0;0.0;0.0;59;2;fmri_eegresting;gssvm
298;5.54019021987915;0.18697333335876465;0.55;0.3333333333333333;0.25;59;3;fmri_eegresting;gssvm
299;5.523004055023193;0.1864774227142334;0.6000000000000001;0.0;0.0;59;4;fmri_eegresting;gssvm
300;5.523986339569092;0.18723177909851074;0.56;0.5;0.6;60;0;fmri_eegresting;gssvm
301;5.543278932571411;0.1873774528503418;0.5833333333333333;1.0;0.25;60;1;fmri_eegresting;gssvm
302;5.530058860778809;0.18701505661010742;0.5;0.4;0.5;60;2;fmri_eegresting;gssvm
303;5.541367769241333;0.1873619556427002;0.6;0.0;0.0;60;3;fmri_eegresting;gssvm
304;5.53508996963501;0.18732786178588867;0.9;0.0;0.0;60;4;fmri_eegresting;gssvm
305;5.53516149520874;0.1874845027923584;0.92;0.75;0.6;61;0;fmri_eegresting;gssvm
306;5.542782783508301;0.1874709129333496;0.4583333333333333;0.0;0.0;61;1;fmri_eegresting;gssvm
307;5.539126873016357;0.18739080429077148;0.7083333333333334;0.6666666666666666;0.5;61;2;fmri_eegresting;gssvm
308;5.52827787399292;0.1874089241027832;0.3;0.3333333333333333;0.25;61;3;fmri_eegresting;gssvm
309;5.5323052406311035;0.1873459815979004;0.6;0.5;0.25;61;4;fmri_eegresting;gssvm
310;5.53443455696106;0.18742990493774414;0.84;1.0;0.4;62;0;fmri_eegresting;gssvm
311;5.53381609916687;0.18717432022094727;0.5416666666666667;0.0;0.0;62;1;fmri_eegresting;gssvm
312;5.5344274044036865;0.1874377727508545;0.75;0.0;0.0;62;2;fmri_eegresting;gssvm
313;5.536445140838623;0.1869204044342041;0.2;0.25;0.25;62;3;fmri_eegresting;gssvm
314;5.546797275543213;0.18689942359924316;0.55;0.5;0.25;62;4;fmri_eegresting;gssvm
315;5.5381293296813965;0.18728137016296387;0.24;0.0;0.0;63;0;fmri_eegresting;gssvm
316;5.552469253540039;0.18741893768310547;0.375;0.25;0.25;63;1;fmri_eegresting;gssvm
317;5.528680801391602;0.18732094764709473;0.625;0.4;0.5;63;2;fmri_eegresting;gssvm
318;5.534206390380859;0.1869370937347412;0.65;0.5;0.25;63;3;fmri_eegresting;gssvm
319;5.532641887664795;0.18728303909301758;0.85;0.0;0.0;63;4;fmri_eegresting;gssvm
320;5.527095556259155;0.1872265338897705;0.8400000000000001;0.0;0.0;64;0;fmri_eegresting;gssvm
321;5.525509595870972;0.1867060661315918;0.5;0.42857142857142855;0.75;64;1;fmri_eegresting;gssvm
322;5.533665418624878;0.1873338222503662;0.5833333333333334;0.0;0.0;64;2;fmri_eegresting;gssvm
323;5.52836275100708;0.18695878982543945;0.55;0.5;0.25;64;3;fmri_eegresting;gssvm
324;5.532546758651733;0.18727564811706543;0.6;0.5;0.5;64;4;fmri_eegresting;gssvm
325;5.526420593261719;0.18688464164733887;0.6400000000000001;0.0;0.0;65;0;fmri_eegresting;gssvm
326;5.525391340255737;0.1869828701019287;0.75;0.0;0.0;65;1;fmri_eegresting;gssvm
327;5.530437231063843;0.18710994720458984;0.5;0.0;0.0;65;2;fmri_eegresting;gssvm
328;5.525714874267578;0.18724751472473145;0.9;0.0;0.0;65;3;fmri_eegresting;gssvm
329;5.530907392501831;0.1878952980041504;0.55;0.0;0.0;65;4;fmri_eegresting;gssvm
330;5.533167362213135;0.18673443794250488;0.6;0.5;0.2;66;0;fmri_eegresting;gssvm
331;5.527175426483154;0.18724370002746582;0.9583333333333334;0.0;0.0;66;1;fmri_eegresting;gssvm
332;5.528359889984131;0.18691229820251465;0.625;0.5;0.5;66;2;fmri_eegresting;gssvm
333;5.519479036331177;0.18651962280273438;0.39999999999999997;0.25;0.25;66;3;fmri_eegresting;gssvm
334;5.524354457855225;0.18663716316223145;0.7000000000000001;0.0;0.0;66;4;fmri_eegresting;gssvm
335;5.531017780303955;0.18721985816955566;0.56;0.5714285714285714;0.8;67;0;fmri_eegresting;gssvm
336;5.528250694274902;0.18747544288635254;0.6666666666666667;0.0;0.0;67;1;fmri_eegresting;gssvm
337;5.531111717224121;0.1868596076965332;0.6666666666666667;0.5;0.25;67;2;fmri_eegresting;gssvm
338;5.530104398727417;0.18684744834899902;0.55;0.6;0.75;67;3;fmri_eegresting;gssvm
339;5.527668476104736;0.1870136260986328;0.8;0.0;0.0;67;4;fmri_eegresting;gssvm
340;5.530781984329224;0.1867222785949707;0.4;0.4;0.4;68;0;fmri_eegresting;gssvm
341;5.524846076965332;0.1871354579925537;0.875;0.0;0.0;68;1;fmri_eegresting;gssvm
342;5.524889707565308;0.18694686889648438;0.45833333333333337;0.4;0.5;68;2;fmri_eegresting;gssvm
343;5.543490171432495;0.18699383735656738;0.65;0.0;0.0;68;3;fmri_eegresting;gssvm
344;5.541962385177612;0.1872694492340088;0.49999999999999994;0.0;0.0;68;4;fmri_eegresting;gssvm
345;5.5461976528167725;0.18784475326538086;0.88;0.0;0.0;69;0;fmri_eegresting;gssvm
346;5.539844512939453;0.1877915859222412;0.7083333333333334;0.0;0.0;69;1;fmri_eegresting;gssvm
347;5.541139364242554;0.18726682662963867;0.125;0.0;0.0;69;2;fmri_eegresting;gssvm
348;5.550024509429932;0.18758773803710938;0.25;0.16666666666666666;0.25;69;3;fmri_eegresting;gssvm
349;5.545396089553833;0.1874687671661377;0.75;0.0;0.0;69;4;fmri_eegresting;gssvm
350;5.545114040374756;0.18758797645568848;0.6;0.7142857142857143;1.0;70;0;fmri_eegresting;gssvm
351;5.545822381973267;0.18756318092346191;0.7083333333333333;0.6;0.75;70;1;fmri_eegresting;gssvm
352;5.543822765350342;0.18725800514221191;0.5;0.0;0.0;70;2;fmri_eegresting;gssvm
353;5.546203136444092;0.18794465065002441;0.8;0.0;0.0;70;3;fmri_eegresting;gssvm
354;5.543600797653198;0.18802714347839355;0.6500000000000001;0.0;0.0;70;4;fmri_eegresting;gssvm
355;5.542709112167358;0.18757009506225586;0.64;0.6666666666666666;0.4;71;0;fmri_eegresting;gssvm
356;5.553627967834473;0.18766283988952637;0.6666666666666667;0.5;0.75;71;1;fmri_eegresting;gssvm
357;5.537221193313599;0.18767833709716797;0.75;1.0;0.25;71;2;fmri_eegresting;gssvm
358;5.545585870742798;0.18781661987304688;0.5;0.5;0.25;71;3;fmri_eegresting;gssvm
359;5.552833557128906;0.18771862983703613;0.8500000000000001;0.0;0.0;71;4;fmri_eegresting;gssvm
360;5.54620099067688;0.18743896484375;0.6799999999999999;0.6;0.6;72;0;fmri_eegresting;gssvm
361;5.549575328826904;0.18877840042114258;0.6666666666666667;0.5;0.5;72;1;fmri_eegresting;gssvm
362;5.5381340980529785;0.18739056587219238;0.5;0.3333333333333333;0.25;72;2;fmri_eegresting;gssvm
363;5.540027618408203;0.18933701515197754;0.9;0.0;0.0;72;3;fmri_eegresting;gssvm
364;5.550708770751953;0.1873161792755127;0.5;0.3333333333333333;0.25;72;4;fmri_eegresting;gssvm
365;5.525707006454468;0.18651103973388672;0.52;0.5;0.4;73;0;fmri_eegresting;gssvm
366;5.531996011734009;0.1874074935913086;0.33333333333333337;0.25;0.25;73;1;fmri_eegresting;gssvm
367;5.538256406784058;0.18743133544921875;0.6666666666666666;0.0;0.0;73;2;fmri_eegresting;gssvm
368;5.53770112991333;0.18732404708862305;0.75;0.6666666666666666;0.5;73;3;fmri_eegresting;gssvm
369;5.547678470611572;0.18706583976745605;0.85;0.6;0.75;73;4;fmri_eegresting;gssvm
370;5.528968334197998;0.1869206428527832;0.52;0.0;0.0;74;0;fmri_eegresting;gssvm
371;5.537023067474365;0.18782353401184082;0.3333333333333333;0.2;0.25;74;1;fmri_eegresting;gssvm
372;5.538455009460449;0.18726491928100586;0.8333333333333334;0.6666666666666666;0.5;74;2;fmri_eegresting;gssvm
373;5.538727760314941;0.18726396560668945;0.5499999999999999;0.4;0.5;74;3;fmri_eegresting;gssvm
374;5.540074586868286;0.1881709098815918;0.6;0.6;0.75;74;4;fmri_eegresting;gssvm
375;5.537704944610596;0.18752002716064453;0.44;0.5;0.6;75;0;fmri_eegresting;gssvm
376;5.539880275726318;0.1871647834777832;0.7083333333333334;0.6666666666666666;0.5;75;1;fmri_eegresting;gssvm
377;5.543537378311157;0.18764305114746094;0.9583333333333334;0.0;0.0;75;2;fmri_eegresting;gssvm
378;5.536386251449585;0.18716859817504883;0.3;0.0;0.0;75;3;fmri_eegresting;gssvm
379;5.543337821960449;0.188002347946167;0.5;0.3333333333333333;0.25;75;4;fmri_eegresting;gssvm
380;5.542919397354126;0.18722748756408691;0.92;1.0;0.2;76;0;fmri_eegresting;gssvm
381;5.540735244750977;0.18761658668518066;0.3333333333333333;0.16666666666666666;0.25;76;1;fmri_eegresting;gssvm
382;5.547762393951416;0.1881411075592041;0.3333333333333333;0.0;0.0;76;2;fmri_eegresting;gssvm
383;5.545498609542847;0.18793082237243652;0.9;0.5;1.0;76;3;fmri_eegresting;gssvm
384;5.544325113296509;0.18793630599975586;0.6;0.0;0.0;76;4;fmri_eegresting;gssvm
385;5.542520999908447;0.18736886978149414;0.8;0.0;0.0;77;0;fmri_eegresting;gssvm
386;5.536844968795776;0.18987274169921875;0.5416666666666667;0.5;0.5;77;1;fmri_eegresting;gssvm
387;5.608834981918335;0.1891176700592041;0.25;0.0;0.0;77;2;fmri_eegresting;gssvm
388;5.538100242614746;0.1873180866241455;0.7000000000000001;0.6666666666666666;0.5;77;3;fmri_eegresting;gssvm
389;5.539975881576538;0.18729376792907715;0.9;0.0;0.0;77;4;fmri_eegresting;gssvm
390;5.549964666366577;0.18767333030700684;0.68;0.5;0.4;78;0;fmri_eegresting;gssvm
391;5.538488149642944;0.1879572868347168;0.8333333333333334;0.0;0.0;78;1;fmri_eegresting;gssvm
392;5.544852018356323;0.1872878074645996;0.625;0.4;0.5;78;2;fmri_eegresting;gssvm
393;5.544686794281006;0.18777132034301758;0.65;0.5;0.5;78;3;fmri_eegresting;gssvm
394;5.5380024909973145;0.18704581260681152;0.7000000000000001;0.0;0.0;78;4;fmri_eegresting;gssvm
395;5.539396286010742;0.1868882179260254;0.48;0.0;0.0;79;0;fmri_eegresting;gssvm
396;5.534350633621216;0.18784856796264648;0.5;0.4;0.5;79;1;fmri_eegresting;gssvm
397;5.5346269607543945;0.18908309936523438;0.7083333333333334;0.0;0.0;79;2;fmri_eegresting;gssvm
398;5.5475709438323975;0.18698501586914062;0.7000000000000001;0.42857142857142855;0.75;79;3;fmri_eegresting;gssvm
399;5.541585922241211;0.1869518756866455;0.7;0.0;0.0;79;4;fmri_eegresting;gssvm
400;5.543378114700317;0.1874253749847412;0.64;0.6666666666666666;0.4;80;0;fmri_eegresting;gssvm
401;5.545958757400513;0.1874861717224121;0.6666666666666666;0.3333333333333333;0.25;80;1;fmri_eegresting;gssvm
402;5.53691029548645;0.1875014305114746;0.75;0.0;0.0;80;2;fmri_eegresting;gssvm
403;5.5465781688690186;0.1877424716949463;0.85;0.0;0.0;80;3;fmri_eegresting;gssvm
404;5.540801286697388;0.18720507621765137;0.8;0.5;0.75;80;4;fmri_eegresting;gssvm
405;5.538186311721802;0.18857765197753906;0.8;0.0;0.0;81;0;fmri_eegresting;gssvm
406;5.538640260696411;0.1871190071105957;0.6666666666666667;0.0;0.0;81;1;fmri_eegresting;gssvm
407;5.532633543014526;0.18709778785705566;0.45833333333333337;0.25;0.25;81;2;fmri_eegresting;gssvm
408;5.5394768714904785;0.18709015846252441;0.8;0.0;0.0;81;3;fmri_eegresting;gssvm
409;5.535611629486084;0.18680238723754883;0.29999999999999993;0.0;0.0;81;4;fmri_eegresting;gssvm
410;5.53181791305542;0.18704676628112793;0.68;0.5;0.4;82;0;fmri_eegresting;gssvm
411;5.535814523696899;0.18700766563415527;0.2916666666666667;0.3333333333333333;0.25;82;1;fmri_eegresting;gssvm
412;5.537011623382568;0.18686223030090332;0.45833333333333337;0.0;0.0;82;2;fmri_eegresting;gssvm
413;5.531483173370361;0.18721652030944824;0.85;0.6666666666666666;0.5;82;3;fmri_eegresting;gssvm
414;5.531453371047974;0.18703079223632812;0.65;0.6666666666666666;0.5;82;4;fmri_eegresting;gssvm
415;5.531065225601196;0.18744564056396484;0.15999999999999998;0.0;0.0;83;0;fmri_eegresting;gssvm
416;5.535700798034668;0.18725943565368652;0.75;0.0;0.0;83;1;fmri_eegresting;gssvm
417;5.527418613433838;0.18759441375732422;0.4583333333333333;0.0;0.0;83;2;fmri_eegresting;gssvm
418;5.528559684753418;0.18833565711975098;0.75;0.0;0.0;83;3;fmri_eegresting;gssvm
419;5.535568952560425;0.18713903427124023;0.7;0.0;0.0;83;4;fmri_eegresting;gssvm
420;5.527310848236084;0.18694400787353516;0.6799999999999999;0.6;0.6;84;0;fmri_eegresting;gssvm
421;5.532145023345947;0.18733978271484375;0.7500000000000001;0.6666666666666666;0.5;84;1;fmri_eegresting;gssvm
422;5.530224323272705;0.1870274543762207;0.5833333333333333;0.4;0.5;84;2;fmri_eegresting;gssvm
423;5.528597354888916;0.18731188774108887;0.65;0.5;0.5;84;3;fmri_eegresting;gssvm
424;5.539803743362427;0.18751001358032227;0.6;0.6666666666666666;0.5;84;4;fmri_eegresting;gssvm
425;5.525618314743042;0.18749713897705078;0.5599999999999999;1.0;0.2;85;0;fmri_eegresting;gssvm
426;5.52794885635376;0.1871509552001953;0.5833333333333334;0.3333333333333333;0.25;85;1;fmri_eegresting;gssvm
427;5.531010866165161;0.18728423118591309;0.875;0.0;0.0;85;2;fmri_eegresting;gssvm
428;5.533168077468872;0.1870872974395752;0.39999999999999997;0.5;0.25;85;3;fmri_eegresting;gssvm
429;5.541457176208496;0.18761920928955078;0.6;0.5;0.75;85;4;fmri_eegresting;gssvm
430;5.53659725189209;0.18726277351379395;0.6000000000000001;0.5714285714285714;0.8;86;0;fmri_eegresting;gssvm
431;5.535999536514282;0.1870899200439453;0.20833333333333334;0.3333333333333333;0.5;86;1;fmri_eegresting;gssvm
432;5.5393102169036865;0.18735790252685547;0.625;1.0;0.25;86;2;fmri_eegresting;gssvm
433;5.53626823425293;0.18697857856750488;0.39999999999999997;0.2;0.25;86;3;fmri_eegresting;gssvm
434;5.570187568664551;0.18783974647521973;0.65;0.4;0.5;86;4;fmri_eegresting;gssvm
435;5.536440134048462;0.18738126754760742;0.52;0.4;0.4;87;0;fmri_eegresting;gssvm
436;5.5317816734313965;0.18770265579223633;0.625;0.0;0.0;87;1;fmri_eegresting;gssvm
437;5.5400307178497314;0.18747830390930176;0.5833333333333333;0.5;0.5;87;2;fmri_eegresting;gssvm
438;5.536499977111816;0.18709039688110352;0.8;0.6666666666666666;0.5;87;3;fmri_eegresting;gssvm
439;5.539685010910034;0.18881535530090332;0.65;0.5;0.25;87;4;fmri_eegresting;gssvm
440;5.534779071807861;0.19019246101379395;0.56;0.6;0.6;88;0;fmri_eegresting;gssvm
441;5.59574818611145;0.18727374076843262;0.4166666666666667;0.25;0.25;88;1;fmri_eegresting;gssvm
442;5.5374181270599365;0.18780088424682617;0.7083333333333334;0.0;0.0;88;2;fmri_eegresting;gssvm
443;5.538778066635132;0.18790078163146973;0.45;0.42857142857142855;0.75;88;3;fmri_eegresting;gssvm
444;5.524622201919556;0.18703103065490723;0.65;0.5;0.25;88;4;fmri_eegresting;gssvm
445;5.5371413230896;0.18767929077148438;0.4;0.4;0.4;89;0;fmri_eegresting;gssvm
446;5.539959907531738;0.18809223175048828;0.75;0.0;0.0;89;1;fmri_eegresting;gssvm
447;5.5500524044036865;0.18806672096252441;0.7916666666666667;0.75;0.75;89;2;fmri_eegresting;gssvm
448;5.54358434677124;0.18780827522277832;0.6;0.0;0.0;89;3;fmri_eegresting;gssvm
449;5.5399065017700195;0.18756461143493652;0.6;0.0;0.0;89;4;fmri_eegresting;gssvm
450;5.541872501373291;0.1878514289855957;0.64;0.6666666666666666;0.4;90;0;fmri_eegresting;gssvm
451;5.53836727142334;0.18717217445373535;0.3333333333333333;0.3333333333333333;0.25;90;1;fmri_eegresting;gssvm
452;5.538617134094238;0.18871784210205078;0.8333333333333334;0.0;0.0;90;2;fmri_eegresting;gssvm
453;5.54438042640686;0.18758368492126465;0.75;0.6;0.75;90;3;fmri_eegresting;gssvm
454;5.5372679233551025;0.18774676322937012;0.6;0.5;0.5;90;4;fmri_eegresting;gssvm
455;5.538515090942383;0.18798494338989258;0.7200000000000001;0.6666666666666666;0.4;91;0;fmri_eegresting;gssvm
456;5.534238338470459;0.18794465065002441;0.4583333333333333;0.5;0.25;91;1;fmri_eegresting;gssvm
457;5.53853178024292;0.18746447563171387;0.625;0.5;0.5;91;2;fmri_eegresting;gssvm
458;5.549340724945068;0.18797612190246582;1.0;0.0;0.0;91;3;fmri_eegresting;gssvm
459;5.546199560165405;0.187821626663208;0.7000000000000001;0.6;0.75;91;4;fmri_eegresting;gssvm
460;5.544999361038208;0.18792247772216797;0.76;1.0;0.4;92;0;fmri_eegresting;gssvm
461;5.538940191268921;0.18783855438232422;0.625;0.0;0.0;92;1;fmri_eegresting;gssvm
462;5.53725528717041;0.1875464916229248;0.6666666666666667;0.5;0.5;92;2;fmri_eegresting;gssvm
463;5.54289174079895;0.1874704360961914;0.45;0.0;0.0;92;3;fmri_eegresting;gssvm
464;5.545244216918945;0.18745064735412598;0.3;0.5;0.5;92;4;fmri_eegresting;gssvm
465;5.540394067764282;0.18752646446228027;0.6;0.75;0.6;93;0;fmri_eegresting;gssvm
466;5.545457601547241;0.18790626525878906;0.9166666666666667;0.0;0.0;93;1;fmri_eegresting;gssvm
467;5.540433406829834;0.1874401569366455;0.25;0.2;0.25;93;2;fmri_eegresting;gssvm
468;5.542812347412109;0.1878514289855957;0.85;0.0;0.0;93;3;fmri_eegresting;gssvm
469;5.548142433166504;0.1878981590270996;0.5499999999999999;0.5;0.25;93;4;fmri_eegresting;gssvm
470;5.538094758987427;0.18741202354431152;0.64;1.0;0.2;94;0;fmri_eegresting;gssvm
471;5.544952630996704;0.18767881393432617;0.7916666666666666;0.0;0.0;94;1;fmri_eegresting;gssvm
472;5.543762445449829;0.18776893615722656;0.5416666666666666;0.4;0.5;94;2;fmri_eegresting;gssvm
473;5.539678335189819;0.18835949897766113;0.44999999999999996;0.0;0.0;94;3;fmri_eegresting;gssvm
474;5.544595956802368;0.18764376640319824;0.8;0.75;0.75;94;4;fmri_eegresting;gssvm
475;5.532687187194824;0.18793940544128418;0.28;0.0;0.0;95;0;fmri_eegresting;gssvm
476;5.542547225952148;0.18731474876403809;0.20833333333333334;0.2;0.25;95;1;fmri_eegresting;gssvm
477;5.5411083698272705;0.1873488426208496;0.375;0.0;0.0;95;2;fmri_eegresting;gssvm
478;5.535524368286133;0.1875441074371338;1.0;0.0;0.0;95;3;fmri_eegresting;gssvm
479;5.544377326965332;0.18810176849365234;0.8500000000000001;0.6666666666666666;0.5;95;4;fmri_eegresting;gssvm
480;5.5274107456207275;0.18671679496765137;0.24000000000000002;0.2;0.2;96;0;fmri_eegresting;gssvm
481;5.533915281295776;0.18735551834106445;0.75;1.0;0.25;96;1;fmri_eegresting;gssvm
482;5.528853893280029;0.18691778182983398;0.75;0.5714285714285714;1.0;96;2;fmri_eegresting;gssvm
483;5.540338516235352;0.18731021881103516;0.8;0.0;0.0;96;3;fmri_eegresting;gssvm
484;5.541486024856567;0.1876072883605957;0.25;0.0;0.0;96;4;fmri_eegresting;gssvm
485;5.544164657592773;0.18811249732971191;0.48;0.5;0.4;97;0;fmri_eegresting;gssvm
486;5.534854412078857;0.18726682662963867;0.5833333333333334;0.0;0.0;97;1;fmri_eegresting;gssvm
487;5.54478120803833;0.18742060661315918;0.41666666666666663;0.0;0.0;97;2;fmri_eegresting;gssvm
488;5.530136823654175;0.18726515769958496;0.39999999999999997;0.0;0.0;97;3;fmri_eegresting;gssvm
489;5.535773515701294;0.19031834602355957;0.55;0.6;0.75;97;4;fmri_eegresting;gssvm
490;5.530140161514282;0.18727517127990723;0.6000000000000001;0.5;0.4;98;0;fmri_eegresting;gssvm
491;5.530529260635376;0.18692731857299805;0.625;0.5;0.5;98;1;fmri_eegresting;gssvm
492;5.539475440979004;0.18701887130737305;0.5416666666666667;0.5;0.5;98;2;fmri_eegresting;gssvm
493;5.521036863327026;0.1869351863861084;0.7;0.75;0.75;98;3;fmri_eegresting;gssvm
494;5.520479202270508;0.18674182891845703;0.8;0.0;0.0;98;4;fmri_eegresting;gssvm
495;5.483070135116577;0.18547368049621582;0.6799999999999999;0.5;0.2;99;0;fmri_eegresting;gssvm
496;5.483741760253906;0.18554973602294922;0.7083333333333334;0.0;0.0;99;1;fmri_eegresting;gssvm
497;5.479944705963135;0.18586421012878418;0.4166666666666667;0.4;0.5;99;2;fmri_eegresting;gssvm
498;5.485541343688965;0.1854555606842041;0.8;0.0;0.0;99;3;fmri_eegresting;gssvm
499;5.47670841217041;0.18554043769836426;0.6;0.3333333333333333;0.25;99;4;fmri_eegresting;gssvm
